20766297 331879541 636780611 1178270795 1202904037 1297935460 1314476396 1341963558 1495752711 1776582340 1816328041 1934511431 1970028202 2093666684
331879541 636780611 1178270795 1202904037 1297935460 1314476396 1341963558 1495752711 1776582340 1816328041 1934511431 1970028202 2093666684
636780611 1178270795 1202904037 1297935460 1314476396 1341963558 1495752711 1776582340 1816328041 1934511431 1970028202 2093666684
1178270795 1202904037 1297935460 1314476396 1341963558 1495752711 1776582340 1816328041 1934511431 1970028202 2093666684
1202904037 1297935460 1314476396 1341963558 1495752711 1776582340 1816328041 1934511431 1970028202 2093666684
1297935460 1314476396 1341963558 1495752711 1776582340 1816328041 1934511431 1970028202 2093666684
1314476396 1341963558 1495752711 1776582340 1816328041 1934511431 1970028202 2093666684
1341963558 1495752711 1776582340 1816328041 1934511431 1970028202 2093666684
1495752711 1776582340 1816328041 1934511431 1970028202 2093666684
1776582340 1816328041 1934511431 1970028202 2093666684
1816328041 1934511431 1970028202 2093666684
1934511431 1970028202 2093666684
1970028202 2093666684
