1178270795 1202904037
1
dspsift 54
6 20
3 5
4 7
1747 729
2426 1795
1 3
7924 1206
2 4
12 8
1931 4424
3247 6257
9 22
168 82
14 25
16 23
1275 1031
13499 8385
10 13
399 250
25 36
110 168
4740 10555
4324 8589
56 47
27 43
59 49
1507 1310
212 241
112 148
5023 11530
113 118
85 113
13064 18503
572 753
152 262
14622 11235
625 822
315 370
716 995
714 1144
1829 1064
9930 6806
769 1099
2548 9132
13343 15919
17418 17434
5622 4468
658 3396
850 1448
812 611
9216 9640
3839 2740
17017 19334
768 828
1202904037 1970028202
1
dspsift 56
2672 1383
107 108
0 0
1598 883
3 3
4 4
4423 1588
1272 1387
8 8
439 631
9 10
16 17
712 1075
7 15
2519 1290
24 18
12 11
4066 2536
33 31
2715 1800
39 50
36 40
9463 10889
47 41
10411 5507
7274 5936
43 38
7419 9478
122 159
178 255
52 86
118 105
89 106
164 435
262 329
370 528
7079 5905
113 137
753 1862
9581 8507
1144 606
7808 9412
2010 1581
655 500
8809 7905
823 666
1360 968
15851 18542
6432 7286
1112 995
4109 4973
5778 5310
2821 2711
8726 16452
4395 2195
7681 4500
1297935460 1495752711
1
dspsift 57
974 1254
131 435
42 13
1111 2691
583 520
2765 3918
15277 3401
44 37
2072 2835
7280 3120
1622 4470
3250 6911
1722 4740
57 60
391 311
10893 4351
5848 8165
1667 144
10397 8641
3793 2640
530 357
14856 9520
5037 10707
3514 3314
16347 14180
1020 7211
425 307
9798 15404
7969 5736
7326 8650
14368 14206
1209 1829
292 491
14166 15678
78 290
13006 9163
3755 12623
19515 5669
12184 3967
15729 19420
681 560
5681 631
9641 13833
842 1135
16902 19769
1158 4172
6110 8844
6690 13398
1850 16072
7166 9721
1799 8442
8014 3980
1514 608
4064 4196
6073 4411
14415 18740
8380 1509
1297935460 1970028202
1
dspsift 53
0 1
3 2
8 8
660 1175
6 3
7 4
929 1477
16 20
21 22
28 27
20 26
974 4832
44 45
14 11
53 50
605 684
12675 6114
3617 3730
63 97
12133 3969
205 186
9129 17263
15921 13791
1528 2001
3094 678
822 1754
1839 6764
721 2079
617 311
16130 18030
897 616
8049 9412
3336 15412
1062 985
773 481
214 317
2162 9195
13923 745
866 995
9074 1516
4202 16452
1581 1025
1348 968
670 440
7707 4143
11552 12862
14701 799
2499 1361
1056 114
7388 5404
19994 18737
14640 922
10903 1326
1297935460 2093666684
1
dspsift 133
499 290
2 3
8 8
1827 2898
6 5
22 26
1100 1063
16 14
29 12
774 259
32 17
20 16
974 733
720 627
21 15
1745 1216
14 9
457 360
1111 828
44 46
1250 1516
503 745
657 327
48 45
1031 668
727 686
19 13
45 42
43 35
957 1528
2654 1844
824 493
1080 1989
2328 630
79 110
34 28
16402 8742
5806 730
51 55
99 93
3915 1903
104 112
3842 4568
187 194
14856 3007
205 123
71 91
2145 3187
63 73
6027 8418
1162 614
2147 6583
12184 12727
1286 2009
7640 4498
262 256
1362 4489
2958 1910
908 2322
6455 2709
425 260
3753 4032
18988 14235
933 1015
9010 5441
1528 1475
4430 2336
470 113
1360 1382
4153 1457
4321 1937
2948 2936
852 321
939 879
6248 3858
681 560
822 674
17584 10724
322 208
16501 5102
9074 2084
2030 3884
721 844
6073 3285
3261 8187
3452 5220
15043 2602
599 411
3336 7111
2925 1138
1963 1220
617 476
15039 3031
4157 4558
2275 3243
2633 1143
3579 8398
214 227
3094 1289
489 350
8617 18495
14228 1209
297 212
14619 8624
8380 2112
5612 4751
4202 7304
1556 1096
381 103
475 177
4100 13292
1281 2632
5695 9584
6678 10685
1479 1663
2391 8718
800 807
1276 864
1055 827
5184 7537
5254 6689
1802 4089
1566 603
1910 12833
1348 1714
10360 12037
670 951
1434 1243
3448 1003
3286 4315
2722 2297
4333 1190
1229 3840
1495752711 1934511431
1
dspsift 52
868 9144
33 16
788 399
923 676
146 75
12 3
5719 3655
580 355
20 8
4657 832
1380 884
13 7
4387 1291
190 177
17 11
603 307
1209 1059
330 357
2792 2214
193 72
1544 860
10604 9531
13714 5194
7964 6496
102 69
380 201
4188 5996
11333 7134
166 124
160 113
8913 5102
357 207
638 167
446 183
1650 670
2204 1539
13334 4466
7379 5538
3762 3020
6433 11919
5764 13404
2748 3070
15059 7046
8435 5778
1349 1823
16167 1914
9565 8096
658 968
16072 2423
372 146
15283 19030
6814 14216
1816328041 1934511431
1
dspsift 63
1 0
2 1
6 2
9 7
31 47
7 3
8 9
438 768
5 5
11 11
245 856
4 6
16 26
7136 11653
19 39
20 19
67 104
25 28
43 51
229 296
1154 2861
113 183
69 41
64 115
140 530
1485 8374
3727 9338
1252 5734
2683 5785
4860 5829
396 2921
138 300
8624 19251
1047 4750
499 1973
7349 14002
108 627
338 2423
283 1406
3231 16425
467 1118
647 4719
800 5833
8621 2297
2072 6848
2432 5310
384 1474
4670 10064
239 1455
1830 8329
404 1246
806 3215
2879 18048
615 6014
293 878
3050 12088
90 1176
8175 17783
278 1333
8968 19680
5389 8935
11703 18866
7226 14228
1970028202 2093666684
1
dspsift 78
1 1
3 5
4 7
719 695
15 12
8 8
11429 8800
20 14
22 15
720 545
31 17
26 16
602 627
11 9
1346 2402
23 13
759 194
3101 704
40 47
1109 1272
2543 5145
5820 10554
73 49
9588 2841
11979 5375
38 32
311 476
302 215
54 65
2644 3180
186 123
1754 674
2941 2786
66 62
5214 5173
2001 1475
137 105
1270 3427
255 239
2468 4121
828 821
547 358
3270 4667
7286 2258
12355 11488
419 256
501 272
13791 11152
1466 2010
394 390
432 548
15412 7111
9716 9415
11819 14724
6518 6531
707 764
2851 1209
957 510
205 71
1025 1430
3423 3962
995 560
968 1714
948 817
7905 11951
4907 3988
16452 6689
769 326
8874 7800
8680 9923
7805 2216
14891 11325
4973 2432
4143 3909
16751 13157
12641 17120
1096 679
8040 16260
