20766297 1961857256
1
dspsift 58
2156 1537
2 3
1 5
3 4
7810 19003
0 2
9 11
7 9
360 740
8 17
6 10
11 12
10 13
221 317
5 6
4 7
10055 7630
14848 7730
13 22
1892 4121
12 18
21 23
52 48
59 47
25 33
322 1508
125 145
66 81
675 170
1525 1051
67 101
60 75
248 504
41 40
140 119
866 1016
269 240
217 419
17 55
6022 2808
244 243
743 711
609 778
11736 10971
7647 8675
5209 15076
2376 2105
2622 1859
9983 5270
13173 8320
285 532
14160 14371
4910 4949
902 1953
11805 6665
2052 1322
12260 2004
19905 17903
331879541 1314476396
1
dspsift 54
182 96
532 346
23 21
897 710
2196 1582
1850 1685
7647 6345
843 610
9360 18044
1349 1616
450 287
11021 13727
986 588
1581 1781
2725 1829
4924 4880
766 633
1085 970
1729 3222
2467 901
5318 3907
18625 19348
8814 8860
2654 3781
2185 5439
2248 2092
16598 16468
1314 1398
1874 2976
493 298
6882 9405
1763 1374
325 164
1098 1241
1822 1392
2155 3331
17539 17105
2290 1526
1073 1347
800 603
1646 1474
18816 17947
307 212
2922 4568
838 1340
1308 2199
8915 3710
3221 2151
17854 19386
15891 17592
2636 11624
9991 15606
10104 17045
9113 17652
1178270795 1970028202
1
dspsift 57
12857 16540
1 3
4 15
3508 10326
54 72
2 4
3183 15826
25 40
16 25
16110 18893
5360 16325
11 11
18879 19949
7499 7905
152 159
138 84
73 1025
366 227
238 86
6712 18278
95 206
1297 19894
96 208
85 137
18726 15151
981 18432
5628 799
1417 1143
16886 10119
1130 828
4620 14408
714 606
11053 4539
1662 2432
1441 9115
9429 17602
17477 15152
3303 3319
19190 19614
823 995
1937 1526
16875 19487
15688 15819
15189 9020
353 394
17053 4935
3782 4759
17800 19776
723 971
378 769
1821 832
8556 1001
850 1134
611 1013
11299 7805
15954 19415
1730 885
1297935460 2093666684
1
dspsift 140
1100 1063
2 3
8 8
774 259
6 5
22 26
974 733
16 14
29 12
1745 1216
32 17
20 16
1688 484
720 627
21 15
503 745
14 9
457 360
1893 742
44 46
48 45
45 42
657 327
957 1528
1031 668
727 686
19 13
3077 524
43 35
1080 1989
16402 8742
824 493
34 28
2328 630
9682 5437
51 55
5806 730
104 112
99 93
3691 2841
3101 3716
2145 3187
187 194
14856 3007
79 110
71 91
12184 12727
63 73
6027 8418
205 123
2147 6583
7640 4498
3475 8124
1200 1002
1162 614
1286 2009
2958 1910
1362 4489
3446 2669
3392 2536
908 2322
11145 11151
3753 4032
16694 13433
262 256
933 1015
18988 14235
4430 2336
6455 2709
425 260
1360 1382
9010 5441
939 879
470 113
1528 1475
822 674
852 321
322 208
6248 3858
4321 1937
1395 3164
15001 15801
2030 3884
3129 376
681 560
721 844
17584 10724
3261 8187
16501 5102
9074 2084
3452 5220
599 411
13956 14207
3336 7111
617 476
6073 3285
4157 4558
2275 3243
15043 2602
2162 4257
3579 8398
2925 1138
214 227
489 350
15039 3031
8617 18495
297 212
2633 1143
14619 8624
5612 4751
3094 1289
4202 7304
1556 1096
14228 1209
381 103
475 177
8380 2112
4100 13292
1281 2632
6678 10685
1479 1663
2391 8718
800 807
1276 864
1055 827
5184 7537
5254 6689
1802 4089
1566 603
1910 12833
1348 1714
1142 131
10360 12037
670 951
1434 1243
3448 1003
3286 4315
2722 2297
4333 1190
1229 3840
1816328041 1934511431
1
dspsift 60
1304 4833
1 0
2 1
2770 380
6 2
9 7
31 47
8 9
5 5
438 768
11 11
4 6
245 856
7136 11653
16 26
67 104
19 39
20 19
229 296
25 28
43 51
1154 2861
113 183
140 530
64 115
1485 8374
3727 9338
2683 5785
4860 5829
1252 5734
138 300
8624 19251
396 2921
11392 3283
499 1973
1047 4750
7349 14002
338 2423
108 627
467 1118
800 5833
3231 16425
596 6977
2432 5310
384 1474
4670 10064
239 1455
419 3961
1830 8329
760 3012
615 4206
729 5635
2879 18048
3543 7434
293 878
3050 12088
90 1176
278 1333
11703 18866
7226 14228
1816328041 1961857256
1
dspsift 75
1 2
2 3
16263 11250
31 87
3 9
7 10
8 8
9 12
7136 1243
5 7
13 22
35 23
4 6
11 15
44 33
20 20
889 2995
64 75
25 30
43 47
199 551
23 26
21 40
313 753
113 145
140 200
16098 15793
116 186
38 32
276 504
350 1436
9728 7838
148 267
338 1859
66 81
531 930
622 5532
71 79
2744 9335
2205 6810
2711 14528
1024 4786
1535 2105
65 110
1092 1432
440 2486
294 109
800 2129
785 3441
257 103
15094 2521
1925 5372
3167 12616
3217 17349
4867 5791
542 1379
173 272
2839 3640
18584 19818
612 5006
1149 2511
8724 19648
14990 12661
6338 9191
694 693
133 212
401 647
79 118
946 1953
259 866
2231 9304
1762 3506
15779 6269
90 124
2557 15076
1934511431 1961857256
1
dspsift 81
88 35
231 184
2 4
557 383
1852 1304
1 3
960 2046
922 486
0 2
6127 11488
1398 3444
4 5
578 1046
2049 1937
8 11
1109 1515
817 1430
7 12
801 2416
805 1134
1314 1326
3685 9244
823 3058
14 13
508 1499
1079 1126
5 7
4220 13649
975 2346
9 16
947 3901
2503 13055
11 15
5230 16316
3888 1551
2374 1473
10587 14198
3465 3616
20 18
5718 3358
3078 2661
11653 1243
14168 2608
28 22
11134 7456
2334 7509
2391 7541
3577 3169
16057 15196
51 47
2787 16813
1896 956
37 33
183 145
13358 15793
29 95
1539 1305
1883 881
115 75
3598 1507
1421 1104
1122 1249
168 269
9482 827
830 542
3138 1985
3647 1617
108 91
1397 609
86 83
300 243
1473 766
14772 2004
852 639
147 73
352 584
11176 4095
13850 15191
6830 3036
2122 1952
6045 9951
1970028202 2093666684
1
dspsift 85
1 1
2 4
4 7
719 695
3 5
8 8
10392 12639
20 14
15 12
1346 2402
31 17
22 15
1822 904
602 627
26 16
3305 2046
11 9
57 55
73 49
23 13
1109 1272
40 47
759 194
11979 5375
9588 2841
2644 3180
38 32
5820 10554
302 215
54 65
2941 2786
186 123
311 476
1270 3427
7959 8328
5214 5173
1246 1902
1754 674
2468 4121
66 62
8933 7349
2001 1475
137 105
3270 4667
255 239
3058 2587
828 821
547 358
13791 11152
1139 2678
6606 2987
419 256
7286 2258
9716 9415
501 272
394 390
1466 2010
15412 7111
12748 19327
432 548
385 880
3299 831
707 764
6518 6531
957 510
1025 1430
205 71
3423 3962
968 1714
995 560
948 817
4907 3988
7905 11951
769 326
16452 6689
8874 7800
7805 2216
14891 11325
4973 2432
4143 3909
4639 4315
12641 17120
1096 679
16751 13157
8040 16260
